62.0
36.3333333333
73.0
73.6666666667
69.6666666667
50.6666666667
63.0
50.3333333333
70.6666666667
46.0
62.3333333333
52.3333333333
38.3333333333
70.3333333333
54.0
72.3333333333
53.6666666667
44.3333333333
38.6666666667
56.3333333333
77.0
56.3333333333
87.3333333333
66.0
66.6666666667
62.3333333333
73.3333333333
65.3333333333
49.6666666667
41.6666666667
72.0
70.3333333333
63.0
67.0
53.6666666667
40.3333333333
70.6666666667
52.3333333333
74.0
62.3333333333
50.0
49.6666666667
35.6666666667
68.3333333333
69.0
61.6666666667
48.6666666667
63.3333333333
50.3333333333
56.3333333333
77.0
66.3333333333
77.6666666667
62.6666666667
68.3333333333
76.6666666667
70.0
73.6666666667
67.6666666667
63.3333333333
62.6666666667
53.6666666667
69.3333333333
45.0
48.6666666667
39.6666666667
52.3333333333
78.6666666667
80.0
65.3333333333
68.0
73.6666666667
63.0
43.0
60.6666666667
79.3333333333
77.6666666667
56.0
64.3333333333
75.6666666667
70.6666666667
70.3333333333
75.6666666667
79.3333333333
73.6666666667
82.6666666667
62.0
58.6666666667
64.6666666667
66.6666666667
71.3333333333
72.6666666667
64.3333333333
59.3333333333
88.0
51.6666666667
62.0
84.0
72.6666666667
43.0
49.6666666667
63.3333333333
63.0
52.3333333333
70.0
31.0
64.6666666667
80.3333333333
82.0
79.6666666667
71.6666666667
59.6666666667
53.6666666667
59.0
58.6666666667
65.6666666667
53.6666666667
72.6666666667
56.0
64.6666666667
42.0
58.6666666667
76.6666666667
54.6666666667
63.0
53.0
51.3333333333
53.6666666667
60.6666666667
70.6666666667
79.0
36.3333333333
71.0
87.3333333333
62.0
76.0
36.6666666667
72.0
58.0
49.3333333333
58.3333333333
68.3333333333
53.6666666667
61.6666666667
38.3333333333
48.3333333333
80.3333333333
73.6666666667
70.0
76.3333333333
70.3333333333
53.0
61.6666666667
65.3333333333
55.6666666667
73.6666666667
66.6666666667
45.0
43.0
60.0
53.0
80.0
84.3333333333
45.0
59.0
69.3333333333
64.0
76.0
43.6666666667
89.3333333333
43.6666666667
61.3333333333
69.0
63.6666666667
52.0
56.0
63.0
62.8305084746 62.5310734463 62.0056497175 